0.72171188576657719
0.60170803509554882
0.66649869925507477
0.26134072325332997
0.34092275586437804
0.53424518101790663
0.91782919916616978
0.21508031850922793
0.53922150995019014
0.27077599894632748
0.19337676807513848
0.75944507458453547
0.58340455799872837
0.45694954353714434
0.37598430150044215
0.20299126159246803
0.61040877457012088
0.35897652643959738
0.53922150995019014
0.19121238967620285
0.28848164265602888
0.26586104921065007
0.21204540548371908
0.46327151245309339
0.27077599894632748
0.26695518627553855
0.26695518627553855
0.37616992484089345
0.42408074553915698
0.52922612491022736
